2022/04/21-23:44:08.265846 102dbfd40 RocksDB version: 6.20.3
2022/04/21-23:44:08.266480 102dbfd40 Git sha 8608d75d85f8e1b3b64b73a4fb6d19baec61ba5c
2022/04/21-23:44:08.266482 102dbfd40 Compile date 2021-05-05 20:35:30
2022/04/21-23:44:08.266496 102dbfd40 DB SUMMARY
2022/04/21-23:44:08.266497 102dbfd40 DB Session ID:  IP9VCAU6MKSR12V3XKFL
2022/04/21-23:44:08.266563 102dbfd40 CURRENT file:  CURRENT
2022/04/21-23:44:08.266565 102dbfd40 IDENTITY file:  IDENTITY
2022/04/21-23:44:08.266584 102dbfd40 MANIFEST file:  MANIFEST-000086 size: 2646 Bytes
2022/04/21-23:44:08.266586 102dbfd40 SST files in test-ledger/rocksdb dir, Total Num: 7, files: 000079.sst 000080.sst 000081.sst 000082.sst 000083.sst 000084.sst 000085.sst 
2022/04/21-23:44:08.266587 102dbfd40 Write Ahead Log file in test-ledger/rocksdb: 000087.log size: 10246578 ; 
2022/04/21-23:44:08.266589 102dbfd40                         Options.error_if_exists: 0
2022/04/21-23:44:08.266591 102dbfd40                       Options.create_if_missing: 1
2022/04/21-23:44:08.266592 102dbfd40                         Options.paranoid_checks: 1
2022/04/21-23:44:08.266593 102dbfd40                               Options.track_and_verify_wals_in_manifest: 0
2022/04/21-23:44:08.266594 102dbfd40                                     Options.env: 0x101f98b00
2022/04/21-23:44:08.266595 102dbfd40                                      Options.fs: Posix File System
2022/04/21-23:44:08.266596 102dbfd40                                Options.info_log: 0x12df1ab00
2022/04/21-23:44:08.266597 102dbfd40                Options.max_file_opening_threads: 16
2022/04/21-23:44:08.266598 102dbfd40                              Options.statistics: 0x0
2022/04/21-23:44:08.266599 102dbfd40                               Options.use_fsync: 0
2022/04/21-23:44:08.266600 102dbfd40                       Options.max_log_file_size: 0
2022/04/21-23:44:08.266601 102dbfd40                  Options.max_manifest_file_size: 1073741824
2022/04/21-23:44:08.266602 102dbfd40                   Options.log_file_time_to_roll: 0
2022/04/21-23:44:08.266603 102dbfd40                       Options.keep_log_file_num: 1000
2022/04/21-23:44:08.266604 102dbfd40                    Options.recycle_log_file_num: 0
2022/04/21-23:44:08.266605 102dbfd40                         Options.allow_fallocate: 1
2022/04/21-23:44:08.266606 102dbfd40                        Options.allow_mmap_reads: 0
2022/04/21-23:44:08.266606 102dbfd40                       Options.allow_mmap_writes: 0
2022/04/21-23:44:08.266607 102dbfd40                        Options.use_direct_reads: 0
2022/04/21-23:44:08.266608 102dbfd40                        Options.use_direct_io_for_flush_and_compaction: 0
2022/04/21-23:44:08.266609 102dbfd40          Options.create_missing_column_families: 1
2022/04/21-23:44:08.266610 102dbfd40                              Options.db_log_dir: 
2022/04/21-23:44:08.266611 102dbfd40                                 Options.wal_dir: test-ledger/rocksdb
2022/04/21-23:44:08.266612 102dbfd40                Options.table_cache_numshardbits: 6
2022/04/21-23:44:08.266613 102dbfd40                         Options.WAL_ttl_seconds: 0
2022/04/21-23:44:08.266614 102dbfd40                       Options.WAL_size_limit_MB: 0
2022/04/21-23:44:08.266615 102dbfd40                        Options.max_write_batch_group_size_bytes: 1048576
2022/04/21-23:44:08.266616 102dbfd40             Options.manifest_preallocation_size: 4194304
2022/04/21-23:44:08.266617 102dbfd40                     Options.is_fd_close_on_exec: 1
2022/04/21-23:44:08.266618 102dbfd40                   Options.advise_random_on_open: 1
2022/04/21-23:44:08.266618 102dbfd40                    Options.db_write_buffer_size: 0
2022/04/21-23:44:08.266619 102dbfd40                    Options.write_buffer_manager: 0x12df1aac0
2022/04/21-23:44:08.266620 102dbfd40         Options.access_hint_on_compaction_start: 1
2022/04/21-23:44:08.266621 102dbfd40  Options.new_table_reader_for_compaction_inputs: 0
2022/04/21-23:44:08.266622 102dbfd40           Options.random_access_max_buffer_size: 1048576
2022/04/21-23:44:08.266623 102dbfd40                      Options.use_adaptive_mutex: 0
2022/04/21-23:44:08.266645 102dbfd40                            Options.rate_limiter: 0x0
2022/04/21-23:44:08.266646 102dbfd40     Options.sst_file_manager.rate_bytes_per_sec: 0
2022/04/21-23:44:08.266647 102dbfd40                       Options.wal_recovery_mode: 2
2022/04/21-23:44:08.266648 102dbfd40                  Options.enable_thread_tracking: 0
2022/04/21-23:44:08.266649 102dbfd40                  Options.enable_pipelined_write: 0
2022/04/21-23:44:08.266650 102dbfd40                  Options.unordered_write: 0
2022/04/21-23:44:08.266651 102dbfd40         Options.allow_concurrent_memtable_write: 1
2022/04/21-23:44:08.266652 102dbfd40      Options.enable_write_thread_adaptive_yield: 1
2022/04/21-23:44:08.266653 102dbfd40             Options.write_thread_max_yield_usec: 100
2022/04/21-23:44:08.266654 102dbfd40            Options.write_thread_slow_yield_usec: 3
2022/04/21-23:44:08.266655 102dbfd40                               Options.row_cache: None
2022/04/21-23:44:08.266656 102dbfd40                              Options.wal_filter: None
2022/04/21-23:44:08.266657 102dbfd40             Options.avoid_flush_during_recovery: 0
2022/04/21-23:44:08.266658 102dbfd40             Options.allow_ingest_behind: 0
2022/04/21-23:44:08.266659 102dbfd40             Options.preserve_deletes: 0
2022/04/21-23:44:08.266659 102dbfd40             Options.two_write_queues: 0
2022/04/21-23:44:08.266660 102dbfd40             Options.manual_wal_flush: 0
2022/04/21-23:44:08.266661 102dbfd40             Options.atomic_flush: 0
2022/04/21-23:44:08.266662 102dbfd40             Options.avoid_unnecessary_blocking_io: 0
2022/04/21-23:44:08.266663 102dbfd40                 Options.persist_stats_to_disk: 0
2022/04/21-23:44:08.266664 102dbfd40                 Options.write_dbid_to_manifest: 0
2022/04/21-23:44:08.266665 102dbfd40                 Options.log_readahead_size: 0
2022/04/21-23:44:08.266666 102dbfd40                 Options.file_checksum_gen_factory: Unknown
2022/04/21-23:44:08.266667 102dbfd40                 Options.best_efforts_recovery: 0
2022/04/21-23:44:08.266668 102dbfd40                Options.max_bgerror_resume_count: 2147483647
2022/04/21-23:44:08.266669 102dbfd40            Options.bgerror_resume_retry_interval: 1000000
2022/04/21-23:44:08.266670 102dbfd40             Options.allow_data_in_errors: 0
2022/04/21-23:44:08.266671 102dbfd40             Options.db_host_id: __hostname__
2022/04/21-23:44:08.266672 102dbfd40             Options.max_background_jobs: 8
2022/04/21-23:44:08.266673 102dbfd40             Options.max_background_compactions: -1
2022/04/21-23:44:08.266674 102dbfd40             Options.max_subcompactions: 1
2022/04/21-23:44:08.266675 102dbfd40             Options.avoid_flush_during_shutdown: 0
2022/04/21-23:44:08.266676 102dbfd40           Options.writable_file_max_buffer_size: 1048576
2022/04/21-23:44:08.266677 102dbfd40             Options.delayed_write_rate : 16777216
2022/04/21-23:44:08.266678 102dbfd40             Options.max_total_wal_size: 4294967296
2022/04/21-23:44:08.266679 102dbfd40             Options.delete_obsolete_files_period_micros: 21600000000
2022/04/21-23:44:08.266680 102dbfd40                   Options.stats_dump_period_sec: 600
2022/04/21-23:44:08.266681 102dbfd40                 Options.stats_persist_period_sec: 600
2022/04/21-23:44:08.266682 102dbfd40                 Options.stats_history_buffer_size: 1048576
2022/04/21-23:44:08.266682 102dbfd40                          Options.max_open_files: -1
2022/04/21-23:44:08.266683 102dbfd40                          Options.bytes_per_sync: 0
2022/04/21-23:44:08.266684 102dbfd40                      Options.wal_bytes_per_sync: 0
2022/04/21-23:44:08.266685 102dbfd40                   Options.strict_bytes_per_sync: 0
2022/04/21-23:44:08.266686 102dbfd40       Options.compaction_readahead_size: 0
2022/04/21-23:44:08.266687 102dbfd40                  Options.max_background_flushes: -1
2022/04/21-23:44:08.266688 102dbfd40 Compression algorithms supported:
2022/04/21-23:44:08.266690 102dbfd40 	kZSTD supported: 0
2022/04/21-23:44:08.266691 102dbfd40 	kZlibCompression supported: 0
2022/04/21-23:44:08.266706 102dbfd40 	kXpressCompression supported: 0
2022/04/21-23:44:08.266707 102dbfd40 	kSnappyCompression supported: 0
2022/04/21-23:44:08.266708 102dbfd40 	kZSTDNotFinalCompression supported: 0
2022/04/21-23:44:08.266709 102dbfd40 	kLZ4HCCompression supported: 1
2022/04/21-23:44:08.266710 102dbfd40 	kLZ4Compression supported: 1
2022/04/21-23:44:08.266711 102dbfd40 	kBZip2Compression supported: 0
2022/04/21-23:44:08.266717 102dbfd40 Fast CRC32 supported: Supported on Arm64
2022/04/21-23:44:08.266915 102dbfd40 [db/version_set.cc:4627] Recovering from manifest file: test-ledger/rocksdb/MANIFEST-000086
2022/04/21-23:44:08.266996 102dbfd40 [db/column_family.cc:598] --------------- Options for column family [default]:
2022/04/21-23:44:08.266998 102dbfd40               Options.comparator: leveldb.BytewiseComparator
2022/04/21-23:44:08.267000 102dbfd40           Options.merge_operator: None
2022/04/21-23:44:08.267001 102dbfd40        Options.compaction_filter: None
2022/04/21-23:44:08.267002 102dbfd40        Options.compaction_filter_factory: None
2022/04/21-23:44:08.267003 102dbfd40  Options.sst_partitioner_factory: None
2022/04/21-23:44:08.267004 102dbfd40         Options.memtable_factory: SkipListFactory
2022/04/21-23:44:08.267005 102dbfd40            Options.table_factory: BlockBasedTable
2022/04/21-23:44:08.267041 102dbfd40            table_factory options:   flush_block_policy_factory: FlushBlockBySizePolicyFactory (0x12df0b5a0)
  cache_index_and_filter_blocks: 0
  cache_index_and_filter_blocks_with_high_priority: 1
  pin_l0_filter_and_index_blocks_in_cache: 0
  pin_top_level_index_and_filter: 1
  index_type: 0
  data_block_index_type: 0
  index_shortening: 1
  data_block_hash_table_util_ratio: 0.750000
  hash_index_allow_collision: 1
  checksum: 1
  no_block_cache: 0
  block_cache: 0x12df19a18
  block_cache_name: LRUCache
  block_cache_options:
    capacity : 8388608
    num_shard_bits : 4
    strict_capacity_limit : 0
    memory_allocator : None
    high_pri_pool_ratio: 0.000
  block_cache_compressed: 0x0
  persistent_cache: 0x0
  block_size: 4096
  block_size_deviation: 10
  block_restart_interval: 16
  index_block_restart_interval: 1
  metadata_block_size: 4096
  partition_filters: 0
  use_delta_encoding: 1
  filter_policy: nullptr
  whole_key_filtering: 1
  verify_compression: 0
  read_amp_bytes_per_bit: 0
  format_version: 5
  enable_index_compression: 1
  block_align: 0
2022/04/21-23:44:08.267045 102dbfd40        Options.write_buffer_size: 67108864
2022/04/21-23:44:08.267046 102dbfd40  Options.max_write_buffer_number: 2
2022/04/21-23:44:08.267047 102dbfd40          Options.compression: NoCompression
2022/04/21-23:44:08.267048 102dbfd40                  Options.bottommost_compression: Disabled
2022/04/21-23:44:08.267049 102dbfd40       Options.prefix_extractor: nullptr
2022/04/21-23:44:08.267050 102dbfd40   Options.memtable_insert_with_hint_prefix_extractor: nullptr
2022/04/21-23:44:08.267051 102dbfd40             Options.num_levels: 7
2022/04/21-23:44:08.267052 102dbfd40        Options.min_write_buffer_number_to_merge: 1
2022/04/21-23:44:08.267053 102dbfd40     Options.max_write_buffer_number_to_maintain: 0
2022/04/21-23:44:08.267054 102dbfd40     Options.max_write_buffer_size_to_maintain: 0
2022/04/21-23:44:08.267055 102dbfd40            Options.bottommost_compression_opts.window_bits: -14
2022/04/21-23:44:08.267056 102dbfd40                  Options.bottommost_compression_opts.level: 32767
2022/04/21-23:44:08.267057 102dbfd40               Options.bottommost_compression_opts.strategy: 0
2022/04/21-23:44:08.267058 102dbfd40         Options.bottommost_compression_opts.max_dict_bytes: 0
2022/04/21-23:44:08.267059 102dbfd40         Options.bottommost_compression_opts.zstd_max_train_bytes: 0
2022/04/21-23:44:08.267060 102dbfd40         Options.bottommost_compression_opts.parallel_threads: 1
2022/04/21-23:44:08.267061 102dbfd40                  Options.bottommost_compression_opts.enabled: false
2022/04/21-23:44:08.267062 102dbfd40         Options.bottommost_compression_opts.max_dict_buffer_bytes: 0
2022/04/21-23:44:08.267088 102dbfd40            Options.compression_opts.window_bits: -14
2022/04/21-23:44:08.267089 102dbfd40                  Options.compression_opts.level: 32767
2022/04/21-23:44:08.267090 102dbfd40               Options.compression_opts.strategy: 0
2022/04/21-23:44:08.267091 102dbfd40         Options.compression_opts.max_dict_bytes: 0
2022/04/21-23:44:08.267092 102dbfd40         Options.compression_opts.zstd_max_train_bytes: 0
2022/04/21-23:44:08.267093 102dbfd40         Options.compression_opts.parallel_threads: 1
2022/04/21-23:44:08.267094 102dbfd40                  Options.compression_opts.enabled: false
2022/04/21-23:44:08.267095 102dbfd40         Options.compression_opts.max_dict_buffer_bytes: 0
2022/04/21-23:44:08.267096 102dbfd40      Options.level0_file_num_compaction_trigger: 4
2022/04/21-23:44:08.267097 102dbfd40          Options.level0_slowdown_writes_trigger: 20
2022/04/21-23:44:08.267098 102dbfd40              Options.level0_stop_writes_trigger: 36
2022/04/21-23:44:08.267099 102dbfd40                   Options.target_file_size_base: 67108864
2022/04/21-23:44:08.267100 102dbfd40             Options.target_file_size_multiplier: 1
2022/04/21-23:44:08.267101 102dbfd40                Options.max_bytes_for_level_base: 268435456
2022/04/21-23:44:08.267102 102dbfd40 Options.level_compaction_dynamic_level_bytes: 0
2022/04/21-23:44:08.267103 102dbfd40          Options.max_bytes_for_level_multiplier: 10.000000
2022/04/21-23:44:08.267104 102dbfd40 Options.max_bytes_for_level_multiplier_addtl[0]: 1
2022/04/21-23:44:08.267105 102dbfd40 Options.max_bytes_for_level_multiplier_addtl[1]: 1
2022/04/21-23:44:08.267106 102dbfd40 Options.max_bytes_for_level_multiplier_addtl[2]: 1
2022/04/21-23:44:08.267107 102dbfd40 Options.max_bytes_for_level_multiplier_addtl[3]: 1
2022/04/21-23:44:08.267108 102dbfd40 Options.max_bytes_for_level_multiplier_addtl[4]: 1
2022/04/21-23:44:08.267109 102dbfd40 Options.max_bytes_for_level_multiplier_addtl[5]: 1
2022/04/21-23:44:08.267110 102dbfd40 Options.max_bytes_for_level_multiplier_addtl[6]: 1
2022/04/21-23:44:08.267111 102dbfd40       Options.max_sequential_skip_in_iterations: 8
2022/04/21-23:44:08.267112 102dbfd40                    Options.max_compaction_bytes: 1677721600
2022/04/21-23:44:08.267113 102dbfd40                        Options.arena_block_size: 8388608
2022/04/21-23:44:08.267114 102dbfd40   Options.soft_pending_compaction_bytes_limit: 68719476736
2022/04/21-23:44:08.267115 102dbfd40   Options.hard_pending_compaction_bytes_limit: 274877906944
2022/04/21-23:44:08.267116 102dbfd40       Options.rate_limit_delay_max_milliseconds: 100
2022/04/21-23:44:08.267117 102dbfd40                Options.disable_auto_compactions: 0
2022/04/21-23:44:08.267118 102dbfd40                        Options.compaction_style: kCompactionStyleLevel
2022/04/21-23:44:08.267119 102dbfd40                          Options.compaction_pri: kMinOverlappingRatio
2022/04/21-23:44:08.267120 102dbfd40 Options.compaction_options_universal.size_ratio: 1
2022/04/21-23:44:08.267121 102dbfd40 Options.compaction_options_universal.min_merge_width: 2
2022/04/21-23:44:08.267122 102dbfd40 Options.compaction_options_universal.max_merge_width: 4294967295
2022/04/21-23:44:08.267123 102dbfd40 Options.compaction_options_universal.max_size_amplification_percent: 200
2022/04/21-23:44:08.267124 102dbfd40 Options.compaction_options_universal.compression_size_percent: -1
2022/04/21-23:44:08.267126 102dbfd40 Options.compaction_options_universal.stop_style: kCompactionStopStyleTotalSize
2022/04/21-23:44:08.267127 102dbfd40 Options.compaction_options_fifo.max_table_files_size: 1073741824
2022/04/21-23:44:08.267128 102dbfd40 Options.compaction_options_fifo.allow_compaction: 0
2022/04/21-23:44:08.267130 102dbfd40                   Options.table_properties_collectors: 
2022/04/21-23:44:08.267131 102dbfd40                   Options.inplace_update_support: 0
2022/04/21-23:44:08.267131 102dbfd40                 Options.inplace_update_num_locks: 10000
2022/04/21-23:44:08.267132 102dbfd40               Options.memtable_prefix_bloom_size_ratio: 0.000000
2022/04/21-23:44:08.267151 102dbfd40               Options.memtable_whole_key_filtering: 0
2022/04/21-23:44:08.267152 102dbfd40   Options.memtable_huge_page_size: 0
2022/04/21-23:44:08.267153 102dbfd40                           Options.bloom_locality: 0
2022/04/21-23:44:08.267154 102dbfd40                    Options.max_successive_merges: 0
2022/04/21-23:44:08.267155 102dbfd40                Options.optimize_filters_for_hits: 0
2022/04/21-23:44:08.267156 102dbfd40                Options.paranoid_file_checks: 0
2022/04/21-23:44:08.267157 102dbfd40                Options.force_consistency_checks: 1
2022/04/21-23:44:08.267158 102dbfd40                Options.report_bg_io_stats: 0
2022/04/21-23:44:08.267159 102dbfd40                               Options.ttl: 2592000
2022/04/21-23:44:08.267160 102dbfd40          Options.periodic_compaction_seconds: 0
2022/04/21-23:44:08.267161 102dbfd40                    Options.enable_blob_files: false
2022/04/21-23:44:08.267162 102dbfd40                        Options.min_blob_size: 0
2022/04/21-23:44:08.267163 102dbfd40                       Options.blob_file_size: 268435456
2022/04/21-23:44:08.267164 102dbfd40                Options.blob_compression_type: NoCompression
2022/04/21-23:44:08.267165 102dbfd40       Options.enable_blob_garbage_collection: false
2022/04/21-23:44:08.267166 102dbfd40   Options.blob_garbage_collection_age_cutoff: 0.250000
2022/04/21-23:44:08.267267 102dbfd40 [db/column_family.cc:598] --------------- Options for column family [meta]:
2022/04/21-23:44:08.267269 102dbfd40               Options.comparator: leveldb.BytewiseComparator
2022/04/21-23:44:08.267270 102dbfd40           Options.merge_operator: None
2022/04/21-23:44:08.267271 102dbfd40        Options.compaction_filter: None
2022/04/21-23:44:08.267274 102dbfd40        Options.compaction_filter_factory: purged_slot_filter_factory(meta)
2022/04/21-23:44:08.267275 102dbfd40  Options.sst_partitioner_factory: None
2022/04/21-23:44:08.267276 102dbfd40         Options.memtable_factory: SkipListFactory
2022/04/21-23:44:08.267277 102dbfd40            Options.table_factory: BlockBasedTable
2022/04/21-23:44:08.267288 102dbfd40            table_factory options:   flush_block_policy_factory: FlushBlockBySizePolicyFactory (0x12df0ac10)
  cache_index_and_filter_blocks: 0
  cache_index_and_filter_blocks_with_high_priority: 1
  pin_l0_filter_and_index_blocks_in_cache: 0
  pin_top_level_index_and_filter: 1
  index_type: 0
  data_block_index_type: 0
  index_shortening: 1
  data_block_hash_table_util_ratio: 0.750000
  hash_index_allow_collision: 1
  checksum: 1
  no_block_cache: 0
  block_cache: 0x12df0ac58
  block_cache_name: LRUCache
  block_cache_options:
    capacity : 8388608
    num_shard_bits : 4
    strict_capacity_limit : 0
    memory_allocator : None
    high_pri_pool_ratio: 0.000
  block_cache_compressed: 0x0
  persistent_cache: 0x0
  block_size: 4096
  block_size_deviation: 10
  block_restart_interval: 16
  index_block_restart_interval: 1
  metadata_block_size: 4096
  partition_filters: 0
  use_delta_encoding: 1
  filter_policy: nullptr
  whole_key_filtering: 1
  verify_compression: 0
  read_amp_bytes_per_bit: 0
  format_version: 5
  enable_index_compression: 1
  block_align: 0
2022/04/21-23:44:08.267290 102dbfd40        Options.write_buffer_size: 268435456
2022/04/21-23:44:08.267291 102dbfd40  Options.max_write_buffer_number: 8
2022/04/21-23:44:08.267292 102dbfd40          Options.compression: NoCompression
2022/04/21-23:44:08.267293 102dbfd40                  Options.bottommost_compression: Disabled
2022/04/21-23:44:08.267294 102dbfd40       Options.prefix_extractor: nullptr
2022/04/21-23:44:08.267295 102dbfd40   Options.memtable_insert_with_hint_prefix_extractor: nullptr
2022/04/21-23:44:08.267296 102dbfd40             Options.num_levels: 7
2022/04/21-23:44:08.267297 102dbfd40        Options.min_write_buffer_number_to_merge: 1
2022/04/21-23:44:08.267298 102dbfd40     Options.max_write_buffer_number_to_maintain: 0
2022/04/21-23:44:08.267299 102dbfd40     Options.max_write_buffer_size_to_maintain: 0
2022/04/21-23:44:08.267315 102dbfd40            Options.bottommost_compression_opts.window_bits: -14
2022/04/21-23:44:08.267317 102dbfd40                  Options.bottommost_compression_opts.level: 32767
2022/04/21-23:44:08.267318 102dbfd40               Options.bottommost_compression_opts.strategy: 0
2022/04/21-23:44:08.267319 102dbfd40         Options.bottommost_compression_opts.max_dict_bytes: 0
2022/04/21-23:44:08.267320 102dbfd40         Options.bottommost_compression_opts.zstd_max_train_bytes: 0
2022/04/21-23:44:08.267321 102dbfd40         Options.bottommost_compression_opts.parallel_threads: 1
2022/04/21-23:44:08.267322 102dbfd40                  Options.bottommost_compression_opts.enabled: false
2022/04/21-23:44:08.267323 102dbfd40         Options.bottommost_compression_opts.max_dict_buffer_bytes: 0
2022/04/21-23:44:08.267324 102dbfd40            Options.compression_opts.window_bits: -14
2022/04/21-23:44:08.267325 102dbfd40                  Options.compression_opts.level: 32767
2022/04/21-23:44:08.267326 102dbfd40               Options.compression_opts.strategy: 0
2022/04/21-23:44:08.267326 102dbfd40         Options.compression_opts.max_dict_bytes: 0
2022/04/21-23:44:08.267327 102dbfd40         Options.compression_opts.zstd_max_train_bytes: 0
2022/04/21-23:44:08.267328 102dbfd40         Options.compression_opts.parallel_threads: 1
2022/04/21-23:44:08.267329 102dbfd40                  Options.compression_opts.enabled: false
2022/04/21-23:44:08.267330 102dbfd40         Options.compression_opts.max_dict_buffer_bytes: 0
2022/04/21-23:44:08.267331 102dbfd40      Options.level0_file_num_compaction_trigger: 4
2022/04/21-23:44:08.267332 102dbfd40          Options.level0_slowdown_writes_trigger: 20
2022/04/21-23:44:08.267333 102dbfd40              Options.level0_stop_writes_trigger: 36
2022/04/21-23:44:08.267334 102dbfd40                   Options.target_file_size_base: 107374182
2022/04/21-23:44:08.267335 102dbfd40             Options.target_file_size_multiplier: 1
2022/04/21-23:44:08.267336 102dbfd40                Options.max_bytes_for_level_base: 1073741824
2022/04/21-23:44:08.267337 102dbfd40 Options.level_compaction_dynamic_level_bytes: 0
2022/04/21-23:44:08.267338 102dbfd40          Options.max_bytes_for_level_multiplier: 10.000000
2022/04/21-23:44:08.267339 102dbfd40 Options.max_bytes_for_level_multiplier_addtl[0]: 1
2022/04/21-23:44:08.267340 102dbfd40 Options.max_bytes_for_level_multiplier_addtl[1]: 1
2022/04/21-23:44:08.267341 102dbfd40 Options.max_bytes_for_level_multiplier_addtl[2]: 1
2022/04/21-23:44:08.267342 102dbfd40 Options.max_bytes_for_level_multiplier_addtl[3]: 1
2022/04/21-23:44:08.267343 102dbfd40 Options.max_bytes_for_level_multiplier_addtl[4]: 1
2022/04/21-23:44:08.267344 102dbfd40 Options.max_bytes_for_level_multiplier_addtl[5]: 1
2022/04/21-23:44:08.267345 102dbfd40 Options.max_bytes_for_level_multiplier_addtl[6]: 1
2022/04/21-23:44:08.267345 102dbfd40       Options.max_sequential_skip_in_iterations: 8
2022/04/21-23:44:08.267346 102dbfd40                    Options.max_compaction_bytes: 2684354550
2022/04/21-23:44:08.267347 102dbfd40                        Options.arena_block_size: 33554432
2022/04/21-23:44:08.267348 102dbfd40   Options.soft_pending_compaction_bytes_limit: 68719476736
2022/04/21-23:44:08.267349 102dbfd40   Options.hard_pending_compaction_bytes_limit: 274877906944
2022/04/21-23:44:08.267350 102dbfd40       Options.rate_limit_delay_max_milliseconds: 100
2022/04/21-23:44:08.267351 102dbfd40                Options.disable_auto_compactions: 0
2022/04/21-23:44:08.267352 102dbfd40                        Options.compaction_style: kCompactionStyleLevel
2022/04/21-23:44:08.267353 102dbfd40                          Options.compaction_pri: kMinOverlappingRatio
2022/04/21-23:44:08.267354 102dbfd40 Options.compaction_options_universal.size_ratio: 1
2022/04/21-23:44:08.267355 102dbfd40 Options.compaction_options_universal.min_merge_width: 2
2022/04/21-23:44:08.267356 102dbfd40 Options.compaction_options_universal.max_merge_width: 4294967295
2022/04/21-23:44:08.267357 102dbfd40 Options.compaction_options_universal.max_size_amplification_percent: 200
2022/04/21-23:44:08.267370 102dbfd40 Options.compaction_options_universal.compression_size_percent: -1
2022/04/21-23:44:08.267372 102dbfd40 Options.compaction_options_universal.stop_style: kCompactionStopStyleTotalSize
2022/04/21-23:44:08.267373 102dbfd40 Options.compaction_options_fifo.max_table_files_size: 1073741824
2022/04/21-23:44:08.267374 102dbfd40 Options.compaction_options_fifo.allow_compaction: 0
2022/04/21-23:44:08.267375 102dbfd40                   Options.table_properties_collectors: 
2022/04/21-23:44:08.267376 102dbfd40                   Options.inplace_update_support: 0
2022/04/21-23:44:08.267377 102dbfd40                 Options.inplace_update_num_locks: 10000
2022/04/21-23:44:08.267378 102dbfd40               Options.memtable_prefix_bloom_size_ratio: 0.000000
2022/04/21-23:44:08.267379 102dbfd40               Options.memtable_whole_key_filtering: 0
2022/04/21-23:44:08.267380 102dbfd40   Options.memtable_huge_page_size: 0
2022/04/21-23:44:08.267381 102dbfd40                           Options.bloom_locality: 0
2022/04/21-23:44:08.267382 102dbfd40                    Options.max_successive_merges: 0
2022/04/21-23:44:08.267383 102dbfd40                Options.optimize_filters_for_hits: 0
2022/04/21-23:44:08.267383 102dbfd40                Options.paranoid_file_checks: 0
2022/04/21-23:44:08.267384 102dbfd40                Options.force_consistency_checks: 1
2022/04/21-23:44:08.267385 102dbfd40                Options.report_bg_io_stats: 0
2022/04/21-23:44:08.267386 102dbfd40                               Options.ttl: 2592000
2022/04/21-23:44:08.267387 102dbfd40          Options.periodic_compaction_seconds: 2592000
2022/04/21-23:44:08.267388 102dbfd40                    Options.enable_blob_files: false
2022/04/21-23:44:08.267389 102dbfd40                        Options.min_blob_size: 0
2022/04/21-23:44:08.267390 102dbfd40                       Options.blob_file_size: 268435456
2022/04/21-23:44:08.267391 102dbfd40                Options.blob_compression_type: NoCompression
2022/04/21-23:44:08.267392 102dbfd40       Options.enable_blob_garbage_collection: false
2022/04/21-23:44:08.267393 102dbfd40   Options.blob_garbage_collection_age_cutoff: 0.250000
2022/04/21-23:44:08.267417 102dbfd40 [db/column_family.cc:598] --------------- Options for column family [dead_slots]:
2022/04/21-23:44:08.267418 102dbfd40               Options.comparator: leveldb.BytewiseComparator
2022/04/21-23:44:08.267419 102dbfd40           Options.merge_operator: None
2022/04/21-23:44:08.267420 102dbfd40        Options.compaction_filter: None
2022/04/21-23:44:08.267421 102dbfd40        Options.compaction_filter_factory: purged_slot_filter_factory(dead_slots)
2022/04/21-23:44:08.267422 102dbfd40  Options.sst_partitioner_factory: None
2022/04/21-23:44:08.267423 102dbfd40         Options.memtable_factory: SkipListFactory
2022/04/21-23:44:08.267424 102dbfd40            Options.table_factory: BlockBasedTable
2022/04/21-23:44:08.267433 102dbfd40            table_factory options:   flush_block_policy_factory: FlushBlockBySizePolicyFactory (0x12df0b8b0)
  cache_index_and_filter_blocks: 0
  cache_index_and_filter_blocks_with_high_priority: 1
  pin_l0_filter_and_index_blocks_in_cache: 0
  pin_top_level_index_and_filter: 1
  index_type: 0
  data_block_index_type: 0
  index_shortening: 1
  data_block_hash_table_util_ratio: 0.750000
  hash_index_allow_collision: 1
  checksum: 1
  no_block_cache: 0
  block_cache: 0x12df0b8f8
  block_cache_name: LRUCache
  block_cache_options:
    capacity : 8388608
    num_shard_bits : 4
    strict_capacity_limit : 0
    memory_allocator : None
    high_pri_pool_ratio: 0.000
  block_cache_compressed: 0x0
  persistent_cache: 0x0
  block_size: 4096
  block_size_deviation: 10
  block_restart_interval: 16
  index_block_restart_interval: 1
  metadata_block_size: 4096
  partition_filters: 0
  use_delta_encoding: 1
  filter_policy: nullptr
  whole_key_filtering: 1
  verify_compression: 0
  read_amp_bytes_per_bit: 0
  format_version: 5
  enable_index_compression: 1
  block_align: 0
2022/04/21-23:44:08.267448 102dbfd40        Options.write_buffer_size: 268435456
2022/04/21-23:44:08.267449 102dbfd40  Options.max_write_buffer_number: 8
2022/04/21-23:44:08.267450 102dbfd40          Options.compression: NoCompression
2022/04/21-23:44:08.267451 102dbfd40                  Options.bottommost_compression: Disabled
2022/04/21-23:44:08.267452 102dbfd40       Options.prefix_extractor: nullptr
2022/04/21-23:44:08.267453 102dbfd40   Options.memtable_insert_with_hint_prefix_extractor: nullptr
2022/04/21-23:44:08.267454 102dbfd40             Options.num_levels: 7
2022/04/21-23:44:08.267455 102dbfd40        Options.min_write_buffer_number_to_merge: 1
2022/04/21-23:44:08.267456 102dbfd40     Options.max_write_buffer_number_to_maintain: 0
2022/04/21-23:44:08.267457 102dbfd40     Options.max_write_buffer_size_to_maintain: 0
2022/04/21-23:44:08.267458 102dbfd40            Options.bottommost_compression_opts.window_bits: -14
2022/04/21-23:44:08.267459 102dbfd40                  Options.bottommost_compression_opts.level: 32767
2022/04/21-23:44:08.267460 102dbfd40               Options.bottommost_compression_opts.strategy: 0
2022/04/21-23:44:08.267461 102dbfd40         Options.bottommost_compression_opts.max_dict_bytes: 0
2022/04/21-23:44:08.267462 102dbfd40         Options.bottommost_compression_opts.zstd_max_train_bytes: 0
2022/04/21-23:44:08.267462 102dbfd40         Options.bottommost_compression_opts.parallel_threads: 1
2022/04/21-23:44:08.267463 102dbfd40                  Options.bottommost_compression_opts.enabled: false
2022/04/21-23:44:08.267464 102dbfd40         Options.bottommost_compression_opts.max_dict_buffer_bytes: 0
2022/04/21-23:44:08.267465 102dbfd40            Options.compression_opts.window_bits: -14
2022/04/21-23:44:08.267466 102dbfd40                  Options.compression_opts.level: 32767
2022/04/21-23:44:08.267467 102dbfd40               Options.compression_opts.strategy: 0
2022/04/21-23:44:08.267468 102dbfd40         Options.compression_opts.max_dict_bytes: 0
2022/04/21-23:44:08.267469 102dbfd40         Options.compression_opts.zstd_max_train_bytes: 0
2022/04/21-23:44:08.267470 102dbfd40         Options.compression_opts.parallel_threads: 1
2022/04/21-23:44:08.267471 102dbfd40                  Options.compression_opts.enabled: false
2022/04/21-23:44:08.267472 102dbfd40         Options.compression_opts.max_dict_buffer_bytes: 0
2022/04/21-23:44:08.267473 102dbfd40      Options.level0_file_num_compaction_trigger: 4
2022/04/21-23:44:08.267474 102dbfd40          Options.level0_slowdown_writes_trigger: 20
2022/04/21-23:44:08.267475 102dbfd40              Options.level0_stop_writes_trigger: 36
2022/04/21-23:44:08.267476 102dbfd40                   Options.target_file_size_base: 107374182
2022/04/21-23:44:08.267477 102dbfd40             Options.target_file_size_multiplier: 1
2022/04/21-23:44:08.267477 102dbfd40                Options.max_bytes_for_level_base: 1073741824
2022/04/21-23:44:08.267478 102dbfd40 Options.level_compaction_dynamic_level_bytes: 0
2022/04/21-23:44:08.267479 102dbfd40          Options.max_bytes_for_level_multiplier: 10.000000
2022/04/21-23:44:08.267481 102dbfd40 Options.max_bytes_for_level_multiplier_addtl[0]: 1
2022/04/21-23:44:08.267482 102dbfd40 Options.max_bytes_for_level_multiplier_addtl[1]: 1
2022/04/21-23:44:08.267482 102dbfd40 Options.max_bytes_for_level_multiplier_addtl[2]: 1
2022/04/21-23:44:08.267483 102dbfd40 Options.max_bytes_for_level_multiplier_addtl[3]: 1
2022/04/21-23:44:08.267484 102dbfd40 Options.max_bytes_for_level_multiplier_addtl[4]: 1
2022/04/21-23:44:08.267485 102dbfd40 Options.max_bytes_for_level_multiplier_addtl[5]: 1
2022/04/21-23:44:08.267486 102dbfd40 Options.max_bytes_for_level_multiplier_addtl[6]: 1
2022/04/21-23:44:08.267487 102dbfd40       Options.max_sequential_skip_in_iterations: 8
2022/04/21-23:44:08.267488 102dbfd40                    Options.max_compaction_bytes: 2684354550
2022/04/21-23:44:08.267489 102dbfd40                        Options.arena_block_size: 33554432
2022/04/21-23:44:08.267490 102dbfd40   Options.soft_pending_compaction_bytes_limit: 68719476736
2022/04/21-23:44:08.267505 102dbfd40   Options.hard_pending_compaction_bytes_limit: 274877906944
2022/04/21-23:44:08.267506 102dbfd40       Options.rate_limit_delay_max_milliseconds: 100
2022/04/21-23:44:08.267507 102dbfd40                Options.disable_auto_compactions: 0
2022/04/21-23:44:08.267508 102dbfd40                        Options.compaction_style: kCompactionStyleLevel
2022/04/21-23:44:08.267509 102dbfd40                          Options.compaction_pri: kMinOverlappingRatio
2022/04/21-23:44:08.267510 102dbfd40 Options.compaction_options_universal.size_ratio: 1
2022/04/21-23:44:08.267511 102dbfd40 Options.compaction_options_universal.min_merge_width: 2
2022/04/21-23:44:08.267512 102dbfd40 Options.compaction_options_universal.max_merge_width: 4294967295
2022/04/21-23:44:08.267513 102dbfd40 Options.compaction_options_universal.max_size_amplification_percent: 200
2022/04/21-23:44:08.267514 102dbfd40 Options.compaction_options_universal.compression_size_percent: -1
2022/04/21-23:44:08.267515 102dbfd40 Options.compaction_options_universal.stop_style: kCompactionStopStyleTotalSize
2022/04/21-23:44:08.267516 102dbfd40 Options.compaction_options_fifo.max_table_files_size: 1073741824
2022/04/21-23:44:08.267517 102dbfd40 Options.compaction_options_fifo.allow_compaction: 0
2022/04/21-23:44:08.267518 102dbfd40                   Options.table_properties_collectors: 
2022/04/21-23:44:08.267519 102dbfd40                   Options.inplace_update_support: 0
2022/04/21-23:44:08.267520 102dbfd40                 Options.inplace_update_num_locks: 10000
2022/04/21-23:44:08.267521 102dbfd40               Options.memtable_prefix_bloom_size_ratio: 0.000000
2022/04/21-23:44:08.267522 102dbfd40               Options.memtable_whole_key_filtering: 0
2022/04/21-23:44:08.267523 102dbfd40   Options.memtable_huge_page_size: 0
2022/04/21-23:44:08.267524 102dbfd40                           Options.bloom_locality: 0
2022/04/21-23:44:08.267525 102dbfd40                    Options.max_successive_merges: 0
2022/04/21-23:44:08.267526 102dbfd40                Options.optimize_filters_for_hits: 0
2022/04/21-23:44:08.267527 102dbfd40                Options.paranoid_file_checks: 0
2022/04/21-23:44:08.267527 102dbfd40                Options.force_consistency_checks: 1
2022/04/21-23:44:08.267528 102dbfd40                Options.report_bg_io_stats: 0
2022/04/21-23:44:08.267529 102dbfd40                               Options.ttl: 2592000
2022/04/21-23:44:08.267530 102dbfd40          Options.periodic_compaction_seconds: 2592000
2022/04/21-23:44:08.267531 102dbfd40                    Options.enable_blob_files: false
2022/04/21-23:44:08.267532 102dbfd40                        Options.min_blob_size: 0
2022/04/21-23:44:08.267533 102dbfd40                       Options.blob_file_size: 268435456
2022/04/21-23:44:08.267534 102dbfd40                Options.blob_compression_type: NoCompression
2022/04/21-23:44:08.267535 102dbfd40       Options.enable_blob_garbage_collection: false
2022/04/21-23:44:08.267536 102dbfd40   Options.blob_garbage_collection_age_cutoff: 0.250000
2022/04/21-23:44:08.267558 102dbfd40 [db/column_family.cc:598] --------------- Options for column family [duplicate_slots]:
2022/04/21-23:44:08.267559 102dbfd40               Options.comparator: leveldb.BytewiseComparator
2022/04/21-23:44:08.267560 102dbfd40           Options.merge_operator: None
2022/04/21-23:44:08.267561 102dbfd40        Options.compaction_filter: None
2022/04/21-23:44:08.267562 102dbfd40        Options.compaction_filter_factory: purged_slot_filter_factory(duplicate_slots)
2022/04/21-23:44:08.267563 102dbfd40  Options.sst_partitioner_factory: None
2022/04/21-23:44:08.267564 102dbfd40         Options.memtable_factory: SkipListFactory
2022/04/21-23:44:08.267565 102dbfd40            Options.table_factory: BlockBasedTable
2022/04/21-23:44:08.267573 102dbfd40            table_factory options:   flush_block_policy_factory: FlushBlockBySizePolicyFactory (0x12df0c510)
  cache_index_and_filter_blocks: 0
  cache_index_and_filter_blocks_with_high_priority: 1
  pin_l0_filter_and_index_blocks_in_cache: 0
  pin_top_level_index_and_filter: 1
  index_type: 0
  data_block_index_type: 0
  index_shortening: 1
  data_block_hash_table_util_ratio: 0.750000
  hash_index_allow_collision: 1
  checksum: 1
  no_block_cache: 0
  block_cache: 0x12df0c558
  block_cache_name: LRUCache
  block_cache_options:
    capacity : 8388608
    num_shard_bits : 4
    strict_capacity_limit : 0
    memory_allocator : None
    high_pri_pool_ratio: 0.000
  block_cache_compressed: 0x0
  persistent_cache: 0x0
  block_size: 4096
  block_size_deviation: 10
  block_restart_interval: 16
  index_block_restart_interval: 1
  metadata_block_size: 4096
  partition_filters: 0
  use_delta_encoding: 1
  filter_policy: nullptr
  whole_key_filtering: 1
  verify_compression: 0
  read_amp_bytes_per_bit: 0
  format_version: 5
  enable_index_compression: 1
  block_align: 0
2022/04/21-23:44:08.267587 102dbfd40        Options.write_buffer_size: 268435456
2022/04/21-23:44:08.267589 102dbfd40  Options.max_write_buffer_number: 8
2022/04/21-23:44:08.267590 102dbfd40          Options.compression: NoCompression
2022/04/21-23:44:08.267591 102dbfd40                  Options.bottommost_compression: Disabled
2022/04/21-23:44:08.267592 102dbfd40       Options.prefix_extractor: nullptr
2022/04/21-23:44:08.267593 102dbfd40   Options.memtable_insert_with_hint_prefix_extractor: nullptr
2022/04/21-23:44:08.267593 102dbfd40             Options.num_levels: 7
2022/04/21-23:44:08.267594 102dbfd40        Options.min_write_buffer_number_to_merge: 1
2022/04/21-23:44:08.267595 102dbfd40     Options.max_write_buffer_number_to_maintain: 0
2022/04/21-23:44:08.267596 102dbfd40     Options.max_write_buffer_size_to_maintain: 0
2022/04/21-23:44:08.267597 102dbfd40            Options.bottommost_compression_opts.window_bits: -14
2022/04/21-23:44:08.267598 102dbfd40                  Options.bottommost_compression_opts.level: 32767
2022/04/21-23:44:08.267599 102dbfd40               Options.bottommost_compression_opts.strategy: 0
2022/04/21-23:44:08.267600 102dbfd40         Options.bottommost_compression_opts.max_dict_bytes: 0
2022/04/21-23:44:08.267601 102dbfd40         Options.bottommost_compression_opts.zstd_max_train_bytes: 0
2022/04/21-23:44:08.267602 102dbfd40         Options.bottommost_compression_opts.parallel_threads: 1
2022/04/21-23:44:08.267603 102dbfd40                  Options.bottommost_compression_opts.enabled: false
2022/04/21-23:44:08.267604 102dbfd40         Options.bottommost_compression_opts.max_dict_buffer_bytes: 0
2022/04/21-23:44:08.267605 102dbfd40            Options.compression_opts.window_bits: -14
2022/04/21-23:44:08.267606 102dbfd40                  Options.compression_opts.level: 32767
2022/04/21-23:44:08.267606 102dbfd40               Options.compression_opts.strategy: 0
2022/04/21-23:44:08.267607 102dbfd40         Options.compression_opts.max_dict_bytes: 0
2022/04/21-23:44:08.267608 102dbfd40         Options.compression_opts.zstd_max_train_bytes: 0
